0   3.03426   8.24368   0.963422
1   3.03477   4.94663   0.963744
2   3.03407   2.94167   0.963322
3   3.0233   2.27623   0.962933
4   3.04603   3.95622   0.963677
5   3.03453   3.77051   0.964122
6   3.02331   3.0958   0.964088
7   3.03153   12.1641   0.962833
8   3.02735   3.00207   0.964033
9   3.02354   2.22285   0.964033
10   3.02837   2.85129   0.963522
11   3.02734   4.05787   0.963366
12   3.02802   2.79285   0.962822
13   3.05217   5.31389   0.963822
14   3.04864   4.9229   0.963877
15   3.03024   3.64921   0.9635
16   3.03211   3.04944   0.963488
17   3.04415   3.40672   0.964177
18   3.02157   2.19118   0.9633
19   3.01457   2.54124   0.9614
20   3.03288   6.94599   0.963844
21   3.02737   2.13063   0.962922
22   3.03109   2.91587   0.964844
23   3.03123   4.32461   0.962788
24   3.03942   3.5211   0.964066
25   3.0265   3.13214   0.962433
26   3.05863   4.36538   0.964022
27   3.01151   2.3834   0.962588
28   3.01737   3.13316   0.963133
29   3.03717   5.45115   0.962866
30   3.02858   2.20579   0.961811
31   3.0401   5.38769   0.963244
32   3.02894   2.86626   0.963944
33   3.03539   2.3912   0.964455
34   3.03892   6.80537   0.962677
35   3.00157   2.08569   0.963577
36   3.02984   4.35843   0.962777
37   3.01155   2.77969   0.963655
38   3.02737   2.65743   0.963144
39   3.03536   4.02941   0.961655
40   3.02708   3.38078   0.962422
41   3.02639   3.74714   0.964111
42   3.03429   7.32847   0.963333
43   3.03748   11.2971   0.9639
44   3.04634   5.87329   0.963911
45   3.0235   2.7276   0.964255
46   3.0354   3.48529   0.962877
47   3.03394   3.91149   0.9631
48   3.03568   2.94552   0.964544
49   3.02372   3.89066   0.963722
50   3.03934   4.19124   0.9627
51   3.03729   2.56323   0.964433
52   3.02892   2.97591   0.963233
53   3.04589   3.66447   0.962966
54   3.02093   2.47983   0.963088
55   3.04106   7.74494   0.963733
56   3.04764   3.14805   0.963855
57   3.02386   2.61577   0.963055
58   3.02985   3.2419   0.961733
59   3.031   3.95627   0.963566
60   3.03553   3.1272   0.964866
61   3.01479   2.59061   0.961855
62   3.04245   19.8279   0.962811
63   3.01408   2.74844   0.963144
64   3.0604   4.73957   0.964111
65   3.03153   3.85973   0.964233
66   3.02944   2.49067   0.963033
67   3.02225   3.09009   0.9634
68   3.03527   3.24329   0.963366
69   3.02849   2.96396   0.963111
70   3.03162   2.88689   0.9635
71   3.04787   11.6672   0.964
72   3.02377   2.7862   0.9627
73   3.0278   4.08926   0.9634
74   3.02508   3.12658   0.962511
75   3.02828   4.65564   0.964444
76   3.04209   3.82458   0.9629
77   3.02068   2.37728   0.962822
78   3.00375   2.30349   0.962555
79   3.00783   2.29238   0.962666
80   3.02894   4.85389   0.963477
81   3.02972   3.21692   0.964177
82   3.04915   4.80568   0.962277
83   3.04289   3.33399   0.963122
84   3.02025   4.2015   0.962977
85   3.04235   3.06356   0.964444
86   3.03113   2.09718   0.964188
87   3.02359   3.61564   0.963788
88   3.0219   3.80148   0.9633
89   3.02692   2.49302   0.963311
90   3.04928   3.08393   0.963411
91   3.02039   2.49859   0.963677
92   3.03017   5.34602   0.962922
93   3.02488   2.39444   0.962877
94   3.02973   4.78143   0.9629
95   3.01662   2.49325   0.963944
96   3.02853   3.52282   0.963577
97   3.03566   3.16209   0.965177
98   3.03529   2.809   0.963288
99   3.03914   14.6609   0.963433
