acceptanceCounter 0.496852
NCor 25
NCf 1000000
NTherm 10
0 1.06591 0.00169906 4.48653e-08 0.000211814
0.5 1.07601 0.00261257 3.75427e-08 0.00019376
1 1.07592 0.00409175 2.99216e-08 0.000172979
1.5 1.07467 0.00664875 2.55299e-08 0.000159781
2 1.07961 0.0111647 2.34949e-08 0.00015328
2.5 1.0728 0.0191759 2.28749e-08 0.000151244
3 1.02609 0.0331673 2.33114e-08 0.000152681
3.5 0.91824 0.0567597 2.50293e-08 0.000158206
4 0.695183 0.0915699 2.90392e-08 0.000170409
4.5 0.310214 0.125428 3.62004e-08 0.000190264
5 -0.310214 0.125428 4.31954e-08 0.000207835
5.5 -0.695183 0.0915699 3.62004e-08 0.000190264
6 -0.91824 0.0567597 2.90392e-08 0.000170409
6.5 -1.02609 0.0331673 2.50293e-08 0.000158206
7 -1.0728 0.0191759 2.33114e-08 0.000152681
7.5 -1.07961 0.0111647 2.28749e-08 0.000151244
8 -1.07467 0.00664875 2.34949e-08 0.00015328
8.5 -1.07592 0.00409175 2.55299e-08 0.000159781
9 -1.07601 0.00261257 2.99216e-08 0.000172979
9.5 -1.06591 0.00169906 3.75427e-08 0.00019376
